kinematics:
  shoulder:
    x: 0
    y: 0
    z: 0.1517904865811983
    roll: -0
    pitch: 0
    yaw: 1.639714426737715e-08
  upper_arm:
    x: -0.0001126135223856559
    y: 0
    z: 0
    roll: 1.571031394331694
    pitch: 0
    yaw: 6.42918886669332e-06
  forearm:
    x: -0.2436795097513105
    y: 0
    z: 0
    roll: 3.13902504807799
    pitch: 3.140803674653592
    yaw: -3.141585104151357
  wrist_1:
    x: -0.2132666614736044
    y: 0.0008865010248520851
    z: 0.1308674104461727
    roll: 3.134818717570139
    pitch: 3.141465302621489
    yaw: 3.141582863560339
  wrist_2:
    x: -2.467626505825984e-07
    y: -0.08526520777962734
    z: -8.715206871095288e-05
    roll: 1.57181845575734
    pitch: 0
    yaw: 5.426595611951469e-06
  wrist_3:
    x: -0.0001438684107144593
    y: 0.09208416701742521
    z: -0.0001732833644956137
    roll: 1.568914535759933
    pitch: 3.141592653589793
    yaw: 3.141592183791033
  hash: calib_13312600673477018527